-1.0 -1.0 -1.0 -1.0 -1.0 -1.0 -1.0 -1.0
-1.0 -1.0 -0.9999999999999988 -0.9999999999997001 -0.99999999999772 -0.9999999999997001 -0.9999999999999988 -1.0
-1.0 -0.9999999999999988 -0.9999999999805309 -0.9999999680055234 -0.9999993881955461 -0.9999999680055234 -0.9999999999805309 -0.9999999999999988
-1.0 -0.9999999999997001 -0.9999999680055234 -0.9990743230911224 -0.8482836399575129 -0.9990743230911224 -0.9999999680055234 -0.9999999999997001
-1.0 -0.99999999999772 -0.9999993881955461 -0.8482836399575129 0.999909204262595 -0.8482836399575129 -0.9999993881955461 -0.99999999999772
-1.0 -0.9999999999997001 -0.9999999680055234 -0.9990743230911224 -0.8482836399575129 -0.9990743230911224 -0.9999999680055234 -0.9999999999997001
-1.0 -0.9999999999999988 -0.9999999999805309 -0.9999999680055234 -0.9999993881955461 -0.9999999680055234 -0.9999999999805309 -0.9999999999999988
-1.0 -1.0 -0.9999999999999988 -0.9999999999997001 -0.99999999999772 -0.9999999999997001 -0.9999999999999988 -1.0
