 0.997592363336098 0.987985003537714 0.968862808067720 0.940409934121748 0.902900398429821 0.856695438325450 0.802240032832641 0.740058617274642 0.670750032675097 0.594981758591624 0.513483484922800 0.427040084595544 0.336484054809776 0.242687499635295 0.146553731172844 0.049008570164780 -0.049008570164780 -0.146553731172844 -0.242687499635295 -0.336484054809776 -0.427040084595543 -0.513483484922800 -0.594981758591624 -0.670750032675097 -0.740058617274642 -0.802240032832641 -0.856695438325450 -0.902900398429821 -0.940409934121748 -0.968862808067720 -0.987985003537714 -0.997592363336098
 0.987985003537714 0.978470167866105 0.959532129591742 0.931353272375793 0.894204974017377 0.848444992937012 0.794514022767451 0.732931448233096 0.664290343191170 0.589251759006273 0.508538358264368 0.422927455137032 0.333243529421063 0.240350286347325 0.145142338627231 0.048536590843284 -0.048536590843284 -0.145142338627231 -0.240350286347325 -0.333243529421063 -0.422927455137032 -0.508538358264367 -0.589251759006272 -0.664290343191170 -0.732931448233095 -0.794514022767451 -0.848444992937012 -0.894204974017377 -0.931353272375793 -0.959532129591742 -0.978470167866105 -0.987985003537714
 0.968862808067720 0.959532129591742 0.940960632174177 0.913327169487371 0.876897866882984 0.832023558459378 0.779136408337466 0.718745748683979 0.651433174564272 0.577846942863913 0.498695729220505 0.414741803089887 0.326793686674581 0.235698368412999 0.142333146017765 0.047597177619167 -0.047597177619167 -0.142333146017764 -0.235698368412999 -0.326793686674581 -0.414741803089887 -0.498695729220505 -0.577846942863913 -0.651433174564272 -0.718745748683978 -0.779136408337466 -0.832023558459378 -0.876897866882984 -0.913327169487371 -0.940960632174177 -0.959532129591742 -0.968862808067720
 0.940409934121748 0.931353272375793 0.913327169487371 0.886505226681369 0.851145753929372 0.807589282283438 0.756255284375906 0.697638134668642 0.632302348356722 0.560877144778504 0.484050387689433 0.402561960758054 0.317196642081823 0.228776546345021 0.138153207404935 0.046199377555314 -0.046199377555314 -0.138153207404935 -0.228776546345021 -0.317196642081823 -0.402561960758054 -0.484050387689432 -0.560877144778504 -0.632302348356722 -0.697638134668642 -0.756255284375906 -0.807589282283438 -0.851145753929372 -0.886505226681368 -0.913327169487371 -0.931353272375793 -0.940409934121748
 0.902900398429821 0.894204974017377 0.876897866882984 0.851145753929372 0.817196642081823 0.775377479845900 0.726091008614614 0.669811884048649 0.607082104882875 0.538505793182242 0.464743376316053 0.386505226681369 0.304544820428493 0.219651481073759 0.132642777882570 0.044356652230454 -0.044356652230454 -0.132642777882570 -0.219651481073759 -0.304544820428493 -0.386505226681368 -0.464743376316053 -0.538505793182242 -0.607082104882875 -0.669811884048649 -0.726091008614614 -0.775377479845900 -0.817196642081823 -0.851145753929372 -0.876897866882984 -0.894204974017377 -0.902900398429821
 0.856695438325450 0.848444992937012 0.832023558459378 0.807589282283438 0.775377479845900 0.735698368412999 0.688934079518643 0.635534978828847 0.576015328874169 0.510948336420424 0.440960632174178 0.366726235986492 0.288960065673304 0.208411051966043 0.125854925899278 0.042086748096802 -0.042086748096802 -0.125854925899278 -0.208411051966043 -0.288960065673304 -0.366726235986492 -0.440960632174177 -0.510948336420424 -0.576015328874169 -0.635534978828846 -0.688934079518643 -0.735698368412999 -0.775377479845900 -0.807589282283438 -0.832023558459378 -0.848444992937012 -0.856695438325450
 0.802240032832641 0.794514022767451 0.779136408337466 0.756255284375906 0.726091008614614 0.688934079518643 0.645142338627231 0.595137524344163 0.539401210366396 0.478470167866105 0.412931196090863 0.343415471166113 0.270592467524041 0.195163510498824 0.117855022180275 0.039411525572022 -0.039411525572022 -0.117855022180275 -0.195163510498824 -0.270592467524041 -0.343415471166113 -0.412931196090863 -0.478470167866104 -0.539401210366396 -0.595137524344162 -0.645142338627231 -0.688934079518643 -0.726091008614614 -0.756255284375906 -0.779136408337466 -0.794514022767451 -0.802240032832641
 0.740058617274642 0.732931448233096 0.718745748683979 0.697638134668642 0.669811884048649 0.635534978828847 0.595137524344163 0.549008570164780 0.497592363336099 0.441384070036835 0.380925006858040 0.316797427628412 0.249618915991633 0.180036437738274 0.108720110171567 0.036356748511451 -0.036356748511451 -0.108720110171567 -0.180036437738274 -0.249618915991633 -0.316797427628412 -0.380925006858040 -0.441384070036835 -0.497592363336099 -0.549008570164780 -0.595137524344163 -0.635534978828847 -0.669811884048649 -0.697638134668642 -0.718745748683979 -0.732931448233096 -0.740058617274642
 0.670750032675097 0.664290343191170 0.651433174564272 0.632302348356722 0.607082104882875 0.576015328874169 0.539401210366396 0.497592363336099 0.450991429835220 0.400047202328034 0.345250301574384 0.287128451683560 0.226241397842645 0.163175515664376 0.098538164069450 0.032951836088095 -0.032951836088095 -0.098538164069450 -0.163175515664376 -0.226241397842644 -0.287128451683559 -0.345250301574384 -0.400047202328034 -0.450991429835220 -0.497592363336098 -0.539401210366396 -0.576015328874169 -0.607082104882875 -0.632302348356722 -0.651433174564272 -0.664290343191170 -0.670750032675097
 0.594981758591624 0.589251759006273 0.577846942863913 0.560877144778504 0.538505793182242 0.510948336420424 0.478470167866105 0.441384070036835 0.400047202328034 0.354857661372769 0.306250647153554 0.254694271788617 0.200685051356303 0.144743124173821 0.087407241580904 0.029229579469904 -0.029229579469904 -0.087407241580904 -0.144743124173821 -0.200685051356303 -0.254694271788616 -0.306250647153553 -0.354857661372769 -0.400047202328034 -0.441384070036835 -0.478470167866104 -0.510948336420424 -0.538505793182242 -0.560877144778504 -0.577846942863913 -0.589251759006273 -0.594981758591624
 0.513483484922800 0.508538358264368 0.498695729220505 0.484050387689433 0.464743376316053 0.440960632174178 0.412931196090863 0.380925006858040 0.345250301574384 0.306250647153554 0.264301631587001 0.219807246826297 0.173195998119792 0.124916777272831 0.075434539574275 0.025225826022905 -0.025225826022905 -0.075434539574275 -0.124916777272831 -0.173195998119792 -0.219807246826297 -0.264301631587001 -0.306250647153554 -0.345250301574384 -0.380925006858040 -0.412931196090863 -0.440960632174178 -0.464743376316053 -0.484050387689433 -0.498695729220505 -0.508538358264368 -0.513483484922800
 0.427040084595544 0.422927455137032 0.414741803089887 0.402561960758054 0.386505226681369 0.366726235986492 0.343415471166113 0.316797427628412 0.287128451683560 0.254694271788617 0.219807246826297 0.182803357918177 0.144038972742825 0.103887413520247 0.062735361714832 0.020979134081466 -0.020979134081466 -0.062735361714832 -0.103887413520247 -0.144038972742825 -0.182803357918177 -0.219807246826297 -0.254694271788616 -0.287128451683560 -0.316797427628412 -0.343415471166113 -0.366726235986492 -0.386505226681369 -0.402561960758054 -0.414741803089887 -0.422927455137032 -0.427040084595544
 0.336484054809776 0.333243529421063 0.326793686674581 0.317196642081823 0.304544820428493 0.288960065673304 0.270592467524041 0.249618915991633 0.226241397842645 0.200685051356303 0.173195998119792 0.144038972742825 0.113494773318632 0.081857557184826 0.049432008027438 0.016530401610461 -0.016530401610461 -0.049432008027438 -0.081857557184826 -0.113494773318631 -0.144038972742825 -0.173195998119792 -0.200685051356303 -0.226241397842645 -0.249618915991633 -0.270592467524041 -0.288960065673304 -0.304544820428493 -0.317196642081823 -0.326793686674581 -0.333243529421063 -0.336484054809776
 0.242687499635295 0.240350286347325 0.235698368412999 0.228776546345021 0.219651481073759 0.208411051966043 0.195163510498824 0.180036437738274 0.163175515664376 0.144743124173821 0.124916777272831 0.103887413520247 0.081857557184826 0.059039367825823 0.035652597080455 0.011922472335511 -0.011922472335511 -0.035652597080455 -0.059039367825823 -0.081857557184826 -0.103887413520247 -0.124916777272831 -0.144743124173821 -0.163175515664376 -0.180036437738274 -0.195163510498824 -0.208411051966043 -0.219651481073759 -0.228776546345021 -0.235698368412999 -0.240350286347325 -0.242687499635295
 0.146553731172844 0.145142338627231 0.142333146017765 0.138153207404935 0.132642777882570 0.125854925899278 0.117855022180275 0.108720110171567 0.098538164069450 0.087407241580904 0.075434539574275 0.062735361714832 0.049432008027438 0.035652597080455 0.021529832133896 0.007199723134483 -0.007199723134483 -0.021529832133896 -0.035652597080455 -0.049432008027438 -0.062735361714832 -0.075434539574275 -0.087407241580904 -0.098538164069450 -0.108720110171567 -0.117855022180275 -0.125854925899278 -0.132642777882570 -0.138153207404935 -0.142333146017765 -0.145142338627231 -0.146553731172844
 0.049008570164780 0.048536590843284 0.047597177619167 0.046199377555314 0.044356652230454 0.042086748096802 0.039411525572022 0.036356748511451 0.032951836088095 0.029229579469904 0.025225826022905 0.020979134081466 0.016530401610461 0.011922472335511 0.007199723134483 0.002407636663902 -0.002407636663902 -0.007199723134483 -0.011922472335511 -0.016530401610461 -0.020979134081466 -0.025225826022905 -0.029229579469904 -0.032951836088095 -0.036356748511451 -0.039411525572022 -0.042086748096802 -0.044356652230454 -0.046199377555314 -0.047597177619167 -0.048536590843284 -0.049008570164780
 -0.049008570164780 -0.048536590843284 -0.047597177619167 -0.046199377555314 -0.044356652230454 -0.042086748096802 -0.039411525572022 -0.036356748511451 -0.032951836088095 -0.029229579469904 -0.025225826022905 -0.020979134081466 -0.016530401610461 -0.011922472335511 -0.007199723134483 -0.002407636663902 0.002407636663902 0.007199723134483 0.011922472335511 0.016530401610461 0.020979134081466 0.025225826022905 0.029229579469904 0.032951836088095 0.036356748511451 0.039411525572022 0.042086748096802 0.044356652230454 0.046199377555314 0.047597177619167 0.048536590843284 0.049008570164780
 -0.146553731172844 -0.145142338627231 -0.142333146017764 -0.138153207404935 -0.132642777882570 -0.125854925899278 -0.117855022180275 -0.108720110171567 -0.098538164069450 -0.087407241580904 -0.075434539574275 -0.062735361714832 -0.049432008027438 -0.035652597080455 -0.021529832133896 -0.007199723134483 0.007199723134483 0.021529832133896 0.035652597080455 0.049432008027438 0.062735361714832 0.075434539574275 0.087407241580904 0.098538164069450 0.108720110171567 0.117855022180275 0.125854925899278 0.132642777882570 0.138153207404935 0.142333146017764 0.145142338627231 0.146553731172844
 -0.242687499635295 -0.240350286347325 -0.235698368412999 -0.228776546345021 -0.219651481073759 -0.208411051966043 -0.195163510498824 -0.180036437738274 -0.163175515664376 -0.144743124173821 -0.124916777272831 -0.103887413520247 -0.081857557184826 -0.059039367825823 -0.035652597080455 -0.011922472335511 0.011922472335511 0.035652597080455 0.059039367825822 0.081857557184826 0.103887413520247 0.124916777272831 0.144743124173821 0.163175515664376 0.180036437738274 0.195163510498824 0.208411051966043 0.219651481073759 0.228776546345021 0.235698368412999 0.240350286347325 0.242687499635295
 -0.336484054809776 -0.333243529421063 -0.326793686674581 -0.317196642081823 -0.304544820428493 -0.288960065673304 -0.270592467524041 -0.249618915991633 -0.226241397842644 -0.200685051356303 -0.173195998119792 -0.144038972742825 -0.113494773318631 -0.081857557184826 -0.049432008027438 -0.016530401610461 0.016530401610461 0.049432008027438 0.081857557184826 0.113494773318631 0.144038972742825 0.173195998119792 0.200685051356303 0.226241397842644 0.249618915991632 0.270592467524041 0.288960065673304 0.304544820428493 0.317196642081823 0.326793686674581 0.333243529421063 0.336484054809776
 -0.427040084595543 -0.422927455137032 -0.414741803089887 -0.402561960758054 -0.386505226681368 -0.366726235986492 -0.343415471166113 -0.316797427628412 -0.287128451683559 -0.254694271788616 -0.219807246826297 -0.182803357918177 -0.144038972742825 -0.103887413520247 -0.062735361714832 -0.020979134081466 0.020979134081466 0.062735361714832 0.103887413520247 0.144038972742825 0.182803357918177 0.219807246826297 0.254694271788616 0.287128451683559 0.316797427628412 0.343415471166113 0.366726235986492 0.386505226681368 0.402561960758054 0.414741803089887 0.422927455137032 0.427040084595543
 -0.513483484922800 -0.508538358264367 -0.498695729220505 -0.484050387689432 -0.464743376316053 -0.440960632174177 -0.412931196090863 -0.380925006858040 -0.345250301574384 -0.306250647153553 -0.264301631587001 -0.219807246826297 -0.173195998119792 -0.124916777272831 -0.075434539574275 -0.025225826022905 0.025225826022905 0.075434539574275 0.124916777272831 0.173195998119792 0.219807246826297 0.264301631587001 0.306250647153553 0.345250301574384 0.380925006858040 0.412931196090863 0.440960632174177 0.464743376316053 0.484050387689432 0.498695729220505 0.508538358264367 0.513483484922800
 -0.594981758591624 -0.589251759006272 -0.577846942863913 -0.560877144778504 -0.538505793182242 -0.510948336420424 -0.478470167866104 -0.441384070036835 -0.400047202328034 -0.354857661372769 -0.306250647153554 -0.254694271788616 -0.200685051356303 -0.144743124173821 -0.087407241580904 -0.029229579469904 0.029229579469904 0.087407241580904 0.144743124173821 0.200685051356303 0.254694271788616 0.306250647153553 0.354857661372769 0.400047202328034 0.441384070036835 0.478470167866104 0.510948336420424 0.538505793182242 0.560877144778504 0.577846942863913 0.589251759006272 0.594981758591624
 -0.670750032675097 -0.664290343191170 -0.651433174564272 -0.632302348356722 -0.607082104882875 -0.576015328874169 -0.539401210366396 -0.497592363336099 -0.450991429835220 -0.400047202328034 -0.345250301574384 -0.287128451683560 -0.226241397842645 -0.163175515664376 -0.098538164069450 -0.032951836088095 0.032951836088095 0.098538164069450 0.163175515664376 0.226241397842644 0.287128451683559 0.345250301574384 0.400047202328034 0.450991429835220 0.497592363336098 0.539401210366396 0.576015328874169 0.607082104882875 0.632302348356722 0.651433174564272 0.664290343191170 0.670750032675097
 -0.740058617274642 -0.732931448233095 -0.718745748683978 -0.697638134668642 -0.669811884048649 -0.635534978828846 -0.595137524344162 -0.549008570164780 -0.497592363336098 -0.441384070036835 -0.380925006858040 -0.316797427628412 -0.249618915991633 -0.180036437738274 -0.108720110171567 -0.036356748511451 0.036356748511451 0.108720110171567 0.180036437738274 0.249618915991632 0.316797427628412 0.380925006858040 0.441384070036835 0.497592363336098 0.549008570164780 0.595137524344162 0.635534978828846 0.669811884048649 0.697638134668642 0.718745748683978 0.732931448233095 0.740058617274642
 -0.802240032832641 -0.794514022767451 -0.779136408337466 -0.756255284375906 -0.726091008614614 -0.688934079518643 -0.645142338627231 -0.595137524344163 -0.539401210366396 -0.478470167866104 -0.412931196090863 -0.343415471166113 -0.270592467524041 -0.195163510498824 -0.117855022180275 -0.039411525572022 0.039411525572022 0.117855022180275 0.195163510498824 0.270592467524041 0.343415471166113 0.412931196090863 0.478470167866104 0.539401210366396 0.595137524344162 0.645142338627231 0.688934079518643 0.726091008614614 0.756255284375905 0.779136408337466 0.794514022767451 0.802240032832641
 -0.856695438325450 -0.848444992937012 -0.832023558459378 -0.807589282283438 -0.775377479845900 -0.735698368412999 -0.688934079518643 -0.635534978828847 -0.576015328874169 -0.510948336420424 -0.440960632174178 -0.366726235986492 -0.288960065673304 -0.208411051966043 -0.125854925899278 -0.042086748096802 0.042086748096802 0.125854925899278 0.208411051966043 0.288960065673304 0.366726235986492 0.440960632174177 0.510948336420424 0.576015328874169 0.635534978828846 0.688934079518643 0.735698368412999 0.775377479845900 0.807589282283438 0.832023558459378 0.848444992937012 0.856695438325450
 -0.902900398429821 -0.894204974017377 -0.876897866882984 -0.851145753929372 -0.817196642081823 -0.775377479845900 -0.726091008614614 -0.669811884048649 -0.607082104882875 -0.538505793182242 -0.464743376316053 -0.386505226681369 -0.304544820428493 -0.219651481073759 -0.132642777882570 -0.044356652230454 0.044356652230454 0.132642777882570 0.219651481073759 0.304544820428493 0.386505226681368 0.464743376316053 0.538505793182242 0.607082104882875 0.669811884048649 0.726091008614614 0.775377479845900 0.817196642081823 0.851145753929372 0.876897866882984 0.894204974017377 0.902900398429821
 -0.940409934121748 -0.931353272375793 -0.913327169487371 -0.886505226681368 -0.851145753929372 -0.807589282283438 -0.756255284375906 -0.697638134668642 -0.632302348356722 -0.560877144778504 -0.484050387689433 -0.402561960758054 -0.317196642081823 -0.228776546345021 -0.138153207404935 -0.046199377555314 0.046199377555314 0.138153207404935 0.228776546345021 0.317196642081823 0.402561960758054 0.484050387689432 0.560877144778504 0.632302348356722 0.697638134668642 0.756255284375905 0.807589282283438 0.851145753929372 0.886505226681368 0.913327169487371 0.931353272375793 0.940409934121748
 -0.968862808067720 -0.959532129591742 -0.940960632174177 -0.913327169487371 -0.876897866882984 -0.832023558459378 -0.779136408337466 -0.718745748683979 -0.651433174564272 -0.577846942863913 -0.498695729220505 -0.414741803089887 -0.326793686674581 -0.235698368412999 -0.142333146017765 -0.047597177619167 0.047597177619167 0.142333146017764 0.235698368412999 0.326793686674581 0.414741803089887 0.498695729220505 0.577846942863913 0.651433174564272 0.718745748683978 0.779136408337466 0.832023558459378 0.876897866882984 0.913327169487371 0.940960632174177 0.959532129591742 0.968862808067720
 -0.987985003537714 -0.978470167866105 -0.959532129591742 -0.931353272375793 -0.894204974017377 -0.848444992937012 -0.794514022767451 -0.732931448233096 -0.664290343191170 -0.589251759006273 -0.508538358264368 -0.422927455137032 -0.333243529421063 -0.240350286347325 -0.145142338627231 -0.048536590843284 0.048536590843284 0.145142338627231 0.240350286347325 0.333243529421063 0.422927455137032 0.508538358264367 0.589251759006272 0.664290343191170 0.732931448233095 0.794514022767451 0.848444992937012 0.894204974017377 0.931353272375793 0.959532129591742 0.978470167866105 0.987985003537714
 -0.997592363336098 -0.987985003537714 -0.968862808067720 -0.940409934121748 -0.902900398429821 -0.856695438325450 -0.802240032832641 -0.740058617274642 -0.670750032675097 -0.594981758591624 -0.513483484922800 -0.427040084595544 -0.336484054809776 -0.242687499635295 -0.146553731172844 -0.049008570164780 0.049008570164780 0.146553731172844 0.242687499635295 0.336484054809776 0.427040084595543 0.513483484922800 0.594981758591624 0.670750032675097 0.740058617274642 0.802240032832641 0.856695438325450 0.902900398429821 0.940409934121748 0.968862808067720 0.987985003537714 0.997592363336098
 0.945861716864026 0.946231040487943 0.946953249671508 0.947987544517574 0.949249398632864 0.950570991682156 0.951623163470742 0.951762406322419 0.949731874827540 0.943083553118884 0.927094428891518 0.892874718555714 0.824617042834756 0.697588811143803 0.483557910145495 0.175782650473880 -0.175782650476444 -0.483557910147272 -0.697588811144911 -0.824617042835477 -0.892874718556215 -0.927094428891911 -0.943083553119236 -0.949731874827868 -0.951762406322724 -0.951623163471076 -0.950570991682479 -0.949249398633182 -0.947987544517880 -0.946953249671818 -0.946231040488248 -0.945861716864338
 0.946231040487943 0.946595530155826 0.947308132824203 0.948328175241081 0.949571329881305 0.950870056095082 0.951895562061112 0.952004801235290 0.949941479617459 0.943258216006305 0.927232725339317 0.892976144485192 0.824682583387418 0.697622381408184 0.483568551740402 0.175783713113913 -0.175783713116330 -0.483568551742064 -0.697622381409218 -0.824682583388088 -0.892976144485664 -0.927232725339691 -0.943258216006660 -0.949941479617780 -0.952004801235601 -0.951895562061445 -0.950870056095413 -0.949571329881621 -0.948328175241395 -0.947308132824512 -0.946595530156131 -0.946231040488254
 0.946953249671508 0.947308132824203 0.948001630543779 0.948993291803010 0.950199135969263 0.951452105705868 0.952424037118330 0.952472655401120 0.950342570379393 0.943587430281653 0.927486180994758 0.893151790903795 0.824782077961626 0.697655739073843 0.483561112285010 0.175774007863859 -0.175774007866023 -0.483561112286493 -0.697655739074742 -0.824782077962233 -0.893151790904222 -0.927486180995110 -0.943587430281990 -0.950342570379717 -0.952472655401425 -0.952424037118669 -0.951452105706198 -0.950199135969589 -0.948993291803322 -0.948001630544102 -0.947308132824520 -0.946953249671825
 0.947987544517574 0.948328175241081 0.948993291803010 0.949942694951201 0.951092789819604 0.952277040739196 0.953167931762756 0.953123934997640 0.950890468395789 0.944022060009638 0.927798881765807 0.893336629758412 0.824840742190222 0.697609478340024 0.483468405430017 0.175725929481375 -0.175725929483272 -0.483468405431297 -0.697609478340803 -0.824840742190731 -0.893336629758807 -0.927798881766137 -0.944022060009971 -0.950890468396104 -0.953123934997955 -0.953167931763088 -0.952277040739535 -0.951092789819924 -0.949942694951522 -0.948993291803330 -0.948328175241403 -0.947987544517895
 0.949249398632864 0.949571329881305 0.950199135969263 0.951092789819604 0.952168938065227 0.953261322784708 0.954042679293779 0.953871608210848 0.951493435767932 0.944462434417744 0.928059076809532 0.893402687933402 0.824713442988394 0.697331195170128 0.483162465257805 0.175587111708654 -0.175587111710058 -0.483162465258719 -0.697331195170675 -0.824713442988765 -0.893402687933707 -0.928059076809813 -0.944462434418043 -0.951493435768227 -0.953871608211148 -0.954042679294113 -0.953261322785038 -0.952168938065558 -0.951092789819935 -0.950199135969605 -0.949571329881646 -0.949249398633216
 0.950570991682157 0.950870056095082 0.951452105705868 0.952277040739196 0.953261322784708 0.954238283642238 0.954879843930297 0.954543143365678 0.951971182640449 0.944715196855599 0.928053514206461 0.893110117365389 0.824132802486784 0.696544133301752 0.482413347567532 0.175264000004973 -0.175264000005814 -0.482413347568003 -0.696544133302015 -0.824132802486970 -0.893110117365571 -0.928053514206677 -0.944715196855858 -0.951971182640723 -0.954543143365965 -0.954879843930623 -0.954238283642579 -0.953261322785049 -0.952277040739552 -0.951452105706235 -0.950870056095455 -0.950570991682525
 0.951623163470742 0.951895562061112 0.952424037118329 0.953167931762755 0.954042679293779 0.954879843930297 0.955348436793507 0.954801029728159 0.951973957081132 0.944410035216765 0.927380682251784 0.892016152428572 0.822615023534585 0.694756440113261 0.480818068515989 0.174593955958014 -0.174593955958255 -0.480818068516005 -0.694756440113246 -0.822615023534600 -0.892016152428667 -0.927380682251926 -0.944410035216989 -0.951973957081384 -0.954801029728434 -0.955348436793824 -0.954879843930641 -0.954042679294137 -0.953167931763122 -0.952424037118721 -0.951895562061502 -0.951623163471141
 0.951762406322419 0.952004801235290 0.952472655401120 0.953123934997640 0.953871608210848 0.954543143365678 0.954801029728158 0.953987899195677 0.950825923459482 0.942840281119200 0.925287562996080 0.889307915931285 0.819292249164775 0.691105301751856 0.477682739057357 0.173300078577363 -0.173300078577052 -0.477682739056980 -0.691105301751580 -0.819292249164641 -0.889307915931284 -0.925287562996199 -0.942840281119376 -0.950825923459720 -0.953987899195945 -0.954801029728469 -0.954543143366012 -0.953871608211199 -0.953123934998015 -0.952472655401504 -0.952004801235679 -0.951762406322798
 0.949731874827540 0.949941479617459 0.950342570379393 0.950890468395789 0.951493435767932 0.951971182640449 0.951973957081132 0.950825923459482 0.947223245237619 0.938659190265086 0.920364308770582 0.883498237994762 0.812618942756164 0.684096570725088 0.471835337136611 0.170922018670211 -0.170922018669323 -0.471835337135755 -0.684096570724558 -0.812618942755826 -0.883498237994675 -0.920364308770616 -0.938659190265248 -0.947223245237816 -0.950825923459747 -0.951973957081437 -0.951971182640788 -0.951493435768294 -0.950890468396184 -0.950342570379802 -0.949941479617859 -0.949731874827951
 0.943083553118884 0.943258216006305 0.943587430281654 0.944022060009638 0.944462434417744 0.944715196855599 0.944410035216765 0.942840281119200 0.938659190265086 0.929308761093093 0.909981659403206 0.871882781703778 0.799871898678487 0.671188764766657 0.461348046409870 0.166719225406023 -0.166719225404409 -0.461348046408520 -0.671188764765763 -0.799871898677996 -0.871882781703522 -0.909981659403196 -0.929308761093192 -0.938659190265293 -0.942840281119438 -0.944410035217070 -0.944715196855945 -0.944462434418130 -0.944022060010055 -0.943587430282081 -0.943258216006746 -0.943083553119325
 0.927094428891517 0.927232725339317 0.927486180994758 0.927798881765807 0.928059076809532 0.928053514206461 0.927380682251784 0.925287562996080 0.920364308770582 0.909981659403206 0.889292700515532 0.849613584613082 0.776347530160320 0.648183181341145 0.443176120220358 0.159557854521677 -0.159557854519566 -0.443176120218554 -0.648183181340001 -0.776347530159593 -0.849613584612756 -0.889292700515398 -0.909981659403276 -0.920364308770724 -0.925287562996312 -0.927380682252044 -0.928053514206796 -0.928059076809906 -0.927798881766222 -0.927486180995191 -0.927232725339774 -0.927094428891983
 0.892874718555714 0.892976144485192 0.893151790903795 0.893336629758412 0.893402687933401 0.893110117365389 0.892016152428573 0.889307915931285 0.883498237994762 0.871882781703778 0.849613584613082 0.808275026307617 0.734234849246265 0.608488749138089 0.412818940618324 0.147832557685785 -0.147832557682996 -0.412818940616038 -0.608488749136486 -0.734234849245289 -0.808275026307033 -0.849613584612874 -0.871882781703704 -0.883498237994872 -0.889307915931461 -0.892016152428832 -0.893110117365693 -0.893402687933789 -0.893336629758858 -0.893151790904271 -0.892976144485685 -0.892874718556214
 0.824617042834756 0.824682583387418 0.824782077961626 0.824840742190222 0.824713442988394 0.824132802486784 0.822615023534585 0.819292249164775 0.812618942756164 0.799871898678487 0.776347530160320 0.734234849246265 0.661545965452240 0.542691840129053 0.364348006424927 0.129552398122930 -0.129552398119704 -0.364348006422229 -0.542691840127151 -0.661545965450966 -0.734234849245527 -0.776347530159918 -0.799871898678364 -0.812618942756168 -0.819292249164920 -0.822615023534803 -0.824132802487093 -0.824713442988802 -0.824840742190721 -0.824782077962164 -0.824682583387978 -0.824617042835348
 0.697588811143802 0.697622381408183 0.697655739073843 0.697609478340024 0.697331195170128 0.696544133301752 0.694756440113261 0.691105301751856 0.684096570725087 0.671188764766657 0.648183181341145 0.608488749138088 0.542691840129053 0.439683723450621 0.291536402057742 0.102811965545246 -0.102811965541595 -0.291536402054665 -0.439683723448282 -0.542691840127465 -0.608488749137027 -0.648183181340609 -0.671188764766399 -0.684096570725120 -0.691105301752009 -0.694756440113544 -0.696544133302159 -0.697331195170678 -0.697609478340668 -0.697655739074516 -0.697622381408921 -0.697588811144592
 0.483557910145494 0.483568551740401 0.483561112285010 0.483468405430017 0.483162465257804 0.482413347567532 0.480818068515989 0.477682739057356 0.471835337136611 0.461348046409870 0.443176120220358 0.412818940618324 0.364348006424927 0.291536402057741 0.190982552193056 0.066829152964449 -0.066829152960462 -0.190982552189594 -0.291536402055015 -0.364348006422915 -0.412818940616945 -0.443176120219520 -0.461348046409453 -0.471835337136538 -0.477682739057538 -0.480818068516335 -0.482413347568099 -0.483162465258546 -0.483468405430945 -0.483561112285974 -0.483568551741468 -0.483557910146551
 0.175782650473879 0.175783713113912 0.175774007863859 0.175725929481375 0.175587111708653 0.175264000004973 0.174593955958013 0.173300078577362 0.170922018670211 0.166719225406023 0.159557854521677 0.147832557685785 0.129552398122930 0.102811965545245 0.066829152964449 0.023270951467356 -0.023270951463243 -0.066829152960824 -0.102811965542269 -0.129552398120667 -0.147832557684121 -0.159557854520652 -0.166719225405416 -0.170922018670078 -0.173300078577522 -0.174593955958456 -0.175264000005678 -0.175587111709637 -0.175725929482574 -0.175774007865169 -0.175783713115312 -0.175782650475402
 -0.175782650476445 -0.175783713116331 -0.175774007866024 -0.175725929483273 -0.175587111710058 -0.175264000005815 -0.174593955958256 -0.173300078577053 -0.170922018669324 -0.166719225404409 -0.159557854519566 -0.147832557682997 -0.129552398119705 -0.102811965541595 -0.066829152960462 -0.023270951463243 0.023270951467019 0.066829152963820 0.102811965544355 0.129552398121849 0.147832557684600 0.159557854520549 0.166719225404997 0.170922018669437 0.173300078576849 0.174593955957789 0.175264000005069 0.175587111709076 0.175725929482074 0.175774007864754 0.175783713114923 0.175782650475007
 -0.483557910147272 -0.483568551742065 -0.483561112286494 -0.483468405431298 -0.483162465258719 -0.482413347568004 -0.480818068516005 -0.477682739056981 -0.471835337135755 -0.461348046408520 -0.443176120218555 -0.412818940616039 -0.364348006422229 -0.291536402054665 -0.190982552189595 -0.066829152960824 0.066829152963820 0.190982552192141 0.291536402056702 0.364348006423749 0.412818940617146 0.443176120219251 0.461348046408916 0.471835337135861 0.477682739056835 0.480818068515690 0.482413347567500 0.483162465258032 0.483468405430483 0.483561112285603 0.483568551741133 0.483557910146269
 -0.697588811144912 -0.697622381409218 -0.697655739074743 -0.697609478340804 -0.697331195170675 -0.696544133302015 -0.694756440113246 -0.691105301751580 -0.684096570724559 -0.671188764765763 -0.648183181340001 -0.608488749136486 -0.542691840127151 -0.439683723448282 -0.291536402055015 -0.102811965542269 0.102811965544354 0.291536402056702 0.439683723449554 0.542691840128026 0.608488749137121 0.648183181340354 0.671188764765986 0.684096570724599 0.691105301751496 0.694756440113069 0.696544133301739 0.697331195170297 0.697609478340350 0.697655739074258 0.697622381408688 0.697588811144358
 -0.824617042835478 -0.824682583388088 -0.824782077962233 -0.824840742190732 -0.824713442988766 -0.824132802486970 -0.822615023534600 -0.819292249164641 -0.812618942755826 -0.799871898677996 -0.776347530159593 -0.734234849245289 -0.661545965450966 -0.542691840127465 -0.364348006422916 -0.129552398120668 0.129552398121848 0.364348006423749 0.542691840128025 0.661545965451315 0.734234849245516 0.776347530159728 0.799871898678051 0.812618942755836 0.819292249164579 0.822615023534525 0.824132802486844 0.824713442988596 0.824840742190533 0.824782077962026 0.824682583387874 0.824617042835246
 -0.892874718556215 -0.892976144485665 -0.893151790904222 -0.893336629758807 -0.893402687933707 -0.893110117365571 -0.892016152428667 -0.889307915931284 -0.883498237994675 -0.871882781703522 -0.849613584612757 -0.808275026307034 -0.734234849245527 -0.608488749137027 -0.412818940616946 -0.147832557684121 0.147832557684599 0.412818940617146 0.608488749137121 0.734234849245515 0.808275026307039 0.849613584612728 0.871882781703517 0.883498237994646 0.889307915931254 0.892016152428644 0.893110117365541 0.893402687933656 0.893336629758750 0.893151790904171 0.892976144485606 0.892874718556156
 -0.927094428891911 -0.927232725339691 -0.927486180995110 -0.927798881766137 -0.928059076809813 -0.928053514206677 -0.927380682251926 -0.925287562996199 -0.920364308770616 -0.909981659403197 -0.889292700515398 -0.849613584612874 -0.776347530159918 -0.648183181340609 -0.443176120219521 -0.159557854520652 0.159557854520548 0.443176120219251 0.648183181340354 0.776347530159728 0.849613584612728 0.889292700515318 0.909981659403141 0.920364308770600 0.925287562996177 0.927380682251944 0.928053514206695 0.928059076809830 0.927798881766153 0.927486180995137 0.927232725339720 0.927094428891939
 -0.943083553119236 -0.943258216006660 -0.943587430281990 -0.944022060009971 -0.944462434418042 -0.944715196855858 -0.944410035216989 -0.942840281119376 -0.938659190265248 -0.929308761093192 -0.909981659403276 -0.871882781703705 -0.799871898678364 -0.671188764766399 -0.461348046409453 -0.166719225405417 0.166719225404997 0.461348046408915 0.671188764765985 0.799871898678050 0.871882781703517 0.909981659403141 0.929308761093132 0.938659190265212 0.942840281119368 0.944410035217009 0.944715196855896 0.944462434418080 0.944022060010015 0.943587430282046 0.943258216006716 0.943083553119295
 -0.949731874827868 -0.949941479617780 -0.950342570379717 -0.950890468396105 -0.951493435768227 -0.951971182640723 -0.951973957081384 -0.950825923459720 -0.947223245237816 -0.938659190265293 -0.920364308770724 -0.883498237994872 -0.812618942756168 -0.684096570725121 -0.471835337136539 -0.170922018670079 0.170922018669436 0.471835337135861 0.684096570724599 0.812618942755836 0.883498237994646 0.920364308770600 0.938659190265212 0.947223245237789 0.950825923459706 0.951973957081413 0.951971182640760 0.951493435768273 0.950890468396156 0.950342570379779 0.949941479617846 0.949731874827936
 -0.951762406322724 -0.952004801235601 -0.952472655401425 -0.953123934997955 -0.953871608211148 -0.954543143365965 -0.954801029728434 -0.953987899195945 -0.950825923459747 -0.942840281119438 -0.925287562996312 -0.889307915931461 -0.819292249164920 -0.691105301752009 -0.477682739057539 -0.173300078577523 0.173300078576848 0.477682739056834 0.691105301751496 0.819292249164578 0.889307915931255 0.925287562996177 0.942840281119368 0.950825923459706 0.953987899195932 0.954801029728451 0.954543143365996 0.953871608211184 0.953123934997999 0.952472655401479 0.952004801235659 0.951762406322786
 -0.951623163471076 -0.951895562061445 -0.952424037118669 -0.953167931763088 -0.954042679294113 -0.954879843930623 -0.955348436793824 -0.954801029728469 -0.951973957081438 -0.944410035217070 -0.927380682252044 -0.892016152428832 -0.822615023534803 -0.694756440113544 -0.480818068516335 -0.174593955958456 0.174593955957789 0.480818068515690 0.694756440113068 0.822615023534525 0.892016152428644 0.927380682251944 0.944410035217009 0.951973957081413 0.954801029728451 0.955348436793840 0.954879843930646 0.954042679294141 0.953167931763122 0.952424037118709 0.951895562061491 0.951623163471128
 -0.950570991682479 -0.950870056095413 -0.951452105706198 -0.952277040739535 -0.953261322785038 -0.954238283642579 -0.954879843930641 -0.954543143366012 -0.951971182640788 -0.944715196855945 -0.928053514206796 -0.893110117365693 -0.824132802487093 -0.696544133302160 -0.482413347568099 -0.175264000005679 0.175264000005068 0.482413347567500 0.696544133301738 0.824132802486844 0.893110117365541 0.928053514206695 0.944715196855896 0.951971182640760 0.954543143365996 0.954879843930646 0.954238283642597 0.953261322785060 0.952277040739561 0.951452105706233 0.950870056095451 0.950570991682521
 -0.949249398633182 -0.949571329881621 -0.950199135969589 -0.951092789819924 -0.952168938065558 -0.953261322785049 -0.954042679294137 -0.953871608211199 -0.951493435768294 -0.944462434418130 -0.928059076809906 -0.893402687933789 -0.824713442988802 -0.697331195170678 -0.483162465258547 -0.175587111709638 0.175587111709076 0.483162465258031 0.697331195170297 0.824713442988595 0.893402687933656 0.928059076809830 0.944462434418080 0.951493435768273 0.953871608211184 0.954042679294141 0.953261322785060 0.952168938065576 0.951092789819949 0.950199135969613 0.949571329881651 0.949249398633217
 -0.947987544517880 -0.948328175241395 -0.948993291803322 -0.949942694951522 -0.951092789819935 -0.952277040739552 -0.953167931763122 -0.953123934998015 -0.950890468396184 -0.944022060010056 -0.927798881766223 -0.893336629758858 -0.824840742190722 -0.697609478340669 -0.483468405430945 -0.175725929482574 0.175725929482074 0.483468405430483 0.697609478340350 0.824840742190533 0.893336629758750 0.927798881766153 0.944022060010015 0.950890468396156 0.953123934997999 0.953167931763122 0.952277040739560 0.951092789819949 0.949942694951544 0.948993291803348 0.948328175241423 0.947987544517910
 -0.946953249671818 -0.947308132824512 -0.948001630544101 -0.948993291803331 -0.950199135969605 -0.951452105706235 -0.952424037118721 -0.952472655401504 -0.950342570379802 -0.943587430282081 -0.927486180995191 -0.893151790904272 -0.824782077962164 -0.697655739074516 -0.483561112285975 -0.175774007865170 0.175774007864754 0.483561112285603 0.697655739074258 0.824782077962025 0.893151790904170 0.927486180995137 0.943587430282046 0.950342570379779 0.952472655401479 0.952424037118709 0.951452105706233 0.950199135969613 0.948993291803348 0.948001630544122 0.947308132824538 0.946953249671843
 -0.946231040488247 -0.946595530156131 -0.947308132824520 -0.948328175241403 -0.949571329881646 -0.950870056095455 -0.951895562061502 -0.952004801235679 -0.949941479617859 -0.943258216006746 -0.927232725339774 -0.892976144485686 -0.824682583387978 -0.697622381408921 -0.483568551741468 -0.175783713115313 0.175783713114923 0.483568551741132 0.697622381408688 0.824682583387873 0.892976144485606 0.927232725339720 0.943258216006716 0.949941479617846 0.952004801235659 0.951895562061491 0.950870056095451 0.949571329881651 0.948328175241423 0.947308132824538 0.946595530156158 0.946231040488274
 -0.945861716864338 -0.946231040488254 -0.946953249671825 -0.947987544517895 -0.949249398633216 -0.950570991682525 -0.951623163471141 -0.951762406322798 -0.949731874827951 -0.943083553119325 -0.927094428891983 -0.892874718556214 -0.824617042835348 -0.697588811144592 -0.483557910146551 -0.175782650475402 0.175782650475006 0.483557910146268 0.697588811144358 0.824617042835246 0.892874718556156 0.927094428891939 0.943083553119295 0.949731874827936 0.951762406322786 0.951623163471128 0.950570991682521 0.949249398633217 0.947987544517910 0.946953249671843 0.946231040488274 0.945861716864364
 0.995821312909198 0.995834766190919 0.995849682780573 0.995835857038471 0.995729086633353 0.995397408848902 0.994571399217572 0.992701836146471 0.988671457982084 0.980219588645073 0.962827745892396 0.927700800716192 0.858660684613674 0.729418023689378 0.508372719865059 0.185596985453909 -0.185596985458077 -0.508372719868256 -0.729418023691446 -0.858660684614928 -0.927700800716968 -0.962827745892922 -0.980219588645477 -0.988671457982430 -0.992701836146792 -0.994571399217886 -0.995397408849213 -0.995729086633664 -0.995835857038782 -0.995849682780886 -0.995834766191232 -0.995821312909512
 0.995834766190919 0.995847826052395 0.995861940995825 0.995846872171619 0.995738358022328 0.995404338243092 0.994575234700366 0.992701593642072 0.988665821256101 0.980206809731710 0.962805632712217 0.927667054549818 0.858614241942337 0.729362534521444 0.508322109800144 0.185575360802312 -0.185575360806383 -0.508322109803268 -0.729362534523467 -0.858614241943566 -0.927667054550582 -0.962805632712737 -0.980206809732112 -0.988665821256447 -0.992701593642394 -0.994575234700680 -0.995404338243403 -0.995738358022639 -0.995846872171931 -0.995861940996138 -0.995847826052708 -0.995834766191233
 0.995849682780573 0.995861940995826 0.995874416587913 0.995856789824449 0.995744654840950 0.995405713294331 0.994570011559656 0.992687527277483 0.988639850956382 0.980164811352560 0.962742382482471 0.927577046978848 0.858494960287957 0.729222932092050 0.508196159296935 0.185521799047591 -0.185521799051470 -0.508196159299917 -0.729222932093986 -0.858494960289141 -0.927577046979590 -0.962742382482981 -0.980164811352958 -0.988639850956727 -0.992687527277804 -0.994570011559970 -0.995405713294643 -0.995744654841261 -0.995856789824760 -0.995874416588226 -0.995861940996139 -0.995849682780887
